 parser.add_argument('--max_grad_norm', type=float, default=1, help='DP MAX_GRAD_NORM')
    parser.add_argument('--noise_multiplier', type=float, default=2, help='DP NOISE_MULTIPLIER')
method:irlsattackertype:signflippingattackernum:20
acc:[0.1, 0.1522976194175347, 0.11005991498408417, 0.3601514623241608, 0.2507577624759922, 0.4425433400927879, 0.2929738162501529, 0.46948940685698803, 0.3269143340822024, 0.3869277886396365, 0.4001656064969084, 0.4530736308296142, 0.37066777043039867, 0.39931825274819954, 0.420514356511193, 0.5771089213882233, 0.4967155133850267, 0.511857708798644, 0.5161217630414371, 0.48576086412929537, 0.5488714465150575, 0.394214494211873, 0.5729528639478096, 0.6534259494848876, 0.5712155013843256, 0.5462903312990125, 0.5006686301826266, 0.6683786485610278, 0.6444912821222174, 0.4583387370027492, 0.5841722452032361, 0.6011798777535979, 0.6525043930932041, 0.5850826709897925, 0.7254918909807775, 0.6641759227020855, 0.5807987917664359, 0.7131411063781115, 0.6737554566419938, 0.6018415692112454, 0.6538594256342528, 0.6411333340272423, 0.6247630261704802, 0.6838223634690274, 0.6810915066359207, 0.5837002286077955, 0.6395954695002191, 0.7631811209092789, 0.7431844111583074, 0.6992732670260381]
loss:[0.6539908296683646, 0.6364992270625057, 0.37366743039213746, 0.3616271355396619, 0.33228036468709254, 0.3919808584065666, 0.37118840700145217, 0.38050583218835565, 0.3642986470635795, 0.3520863450434816, 0.327844418301653, 0.36186784949228307, 0.36242167559505556, 0.405060743807019, 0.43069815451266175, 0.4110980087283251, 0.37001494388843, 0.41069099665754727, 0.44080305448440893, 0.37395457296351386, 0.4400349222466351, 0.3953422030700694, 0.48096755284184045, 0.4166078264874137, 0.4217246640677135, 0.4338631338287575, 0.37532622310353375, 0.4678213145148049, 0.4409861332971129, 0.45039187767244304, 0.4585991413871017, 0.40213309583978074, 0.44154808692152425, 0.47891029056546497, 0.46054262604770974, 0.40750943190599836, 0.3928671154692672, 0.4237630919039485, 0.4080988473511714, 0.44814736970410196, 0.44363113561571155, 0.42932204094923404, 0.506631577204527, 0.4612396589383225, 0.4190456248810348, 0.5237194223206728, 0.5343446567218065, 0.5206131307956428, 0.4797093988333219, 0.45530289275678204]
method:oursattackertype:signflippingattackernum:20
acc:[0.12406838068420666, 0.17220681928001988, 0.3294168832179878, 0.4306374112743345, 0.48898469230510216, 0.38868409181698926, 0.4493227183418145, 0.4870394292753584, 0.6122359338844661, 0.5805168150635671, 0.63904362858897, 0.6660871414541688, 0.662271284853271, 0.6736610054292178, 0.7131448582544561, 0.7048002818212622, 0.6982718837040468, 0.7201178502270015, 0.7567776911369066, 0.7553641083362023, 0.7487782512132607, 0.7414553261306748, 0.7654104454437654, 0.7754974595349654, 0.7949009003597054, 0.7904556079377347, 0.7826056358705986, 0.7924982670843477, 0.7750787732002317, 0.7753807670919387, 0.797033091814357, 0.7891668357334974, 0.8005548434478933, 0.7801504095004201, 0.8155050045586606, 0.8069583585181923, 0.8160309409680321, 0.8173888530711555, 0.8199002974641986, 0.8373736159540138, 0.8240172514999922, 0.8443009158562522, 0.8167028813330497, 0.8290639759406523, 0.8414065801349857, 0.8428324608288402, 0.8201147061167728, 0.8369171708163591, 0.8473533198913532, 0.8451000867727483]
loss:[0.5314882332592408, 0.38169347315095487, 0.3268629849514556, 0.34428398118835857, 0.3428567583205979, 0.3523659078373724, 0.3229426208192897, 0.3471066062526095, 0.32507668340972645, 0.3255851454267303, 0.3489997093380009, 0.3382769294454524, 0.35882114914237584, 0.35435793114114233, 0.36890838182473185, 0.31552934124989007, 0.3544053114272545, 0.3550099082502133, 0.30260323136407064, 0.34390055391080426, 0.3574945737692988, 0.343563446420818, 0.35738467754439024, 0.39372581255753236, 0.3144176464816605, 0.3638592471915152, 0.34769374656717295, 0.3757511933978668, 0.321625112261513, 0.3751539835272071, 0.37226368613370187, 0.35259294734962954, 0.35090225129249025, 0.380820849731345, 0.36523344157953375, 0.36038984013663217, 0.3566561362759057, 0.440709861119794, 0.32949321059711734, 0.42977656288223315, 0.3715569364003275, 0.37493246428212645, 0.32813737598038867, 0.36209971473797026, 0.3223014154504525, 0.354778184593044, 0.45329737233720657, 0.42549514818833806, 0.41507604102981, 0.4084425304952528]
method:averageattackertype:signflippingattackernum:20
acc:[0.1, 0.10052192066805846, 0.1072406545774549, 0.11572493864045036, 0.1710293966371615, 0.19947183558739978, 0.18366619397934597, 0.17442305140148856, 0.15215020076012542, 0.3250846270704322, 0.22756051729814042, 0.2166809602285767, 0.22368117078249222, 0.34998350528274125, 0.287209684881693, 0.3459940295886236, 0.3064511437588237, 0.3986584483252161, 0.27983765961076235, 0.269376462729017, 0.22085796700584653, 0.29835704988058315, 0.25516750184267817, 0.3394269934004343, 0.32018385785320924, 0.33235777509366116, 0.29803822817656483, 0.30436144074385113, 0.2838255406135538, 0.22297124702158577, 0.2705715384442258, 0.2850456972138937, 0.38411766857106105, 0.32345094330867025, 0.31605028665753926, 0.23351803096077875, 0.33260288023472734, 0.2947556845013294, 0.2818654836251738, 0.3030519509271425, 0.2750092502677174, 0.26949715415783043, 0.39681705567404096, 0.26168504112288654, 0.27472924634661827, 0.25065413698399663, 0.372176376863656, 0.25410926334378936, 0.2871402676659055, 0.16053579411489324]
loss:[0.5180181368497069, 2.7931345125533946, 0.562421638483191, 0.6156977846404328, 0.563911713727855, 0.47009492837220074, 0.461379318692925, 0.42761408878098706, 0.4409957572135117, 0.480722304931136, 0.3726554775006358, 0.48341498013801487, 0.5051149470678109, 0.4824095380622269, 0.5017248574704813, 0.5627216173647901, 0.5306419533533102, 0.5412697531441871, 0.5348494657203626, 0.6690289769605631, 0.6991124767958978, 0.8262554771956563, 0.7154223600942544, 0.9318555575132944, 0.7189969220945428, 0.77509416271638, 0.6861541629940285, 0.7821446185301687, 0.7937273109207938, 0.7572640134589945, 0.7812172272089082, 0.8184731949810709, 0.9131227527452962, 0.8219190867293763, 0.9069498617918043, 0.8017800340016734, 0.8474847041531149, 0.7705937100384967, 0.7415569876404514, 0.7730523577396888, 0.8345640458736346, 0.7852322213655327, 0.9907933005367113, 0.8188792488614626, 0.822871236352588, 0.809934431392816, 0.7822178534608498, 0.8342070195736874, 0.8443267305783718, 0.7143036558395941]
method:irlsattackertype:signflippingattackernum:10
acc:[0.11290783567158588, 0.30570793587361095, 0.22668741485241703, 0.35927696632930706, 0.4045993344028642, 0.4514539683617495, 0.45446792906834754, 0.4760383955441484, 0.4305508527624141, 0.4950578536463375, 0.5021978529527458, 0.5652056402879364, 0.5736487552414385, 0.5986140025979727, 0.6301573252340537, 0.6933661936549108, 0.6953134796685069, 0.6688370822303362, 0.7018454882338603, 0.6938060848081984, 0.6835807139827292, 0.7457412210434201, 0.7318271418894706, 0.7483610970520764, 0.7291967759181337, 0.7621584188766621, 0.7513366278761504, 0.7374518053009317, 0.7645942088036097, 0.7329436652735128, 0.7689819625443481, 0.7528943488261839, 0.7547234337390811, 0.726203734177379, 0.7891991029754218, 0.7426719633294291, 0.773572631111583, 0.7643994016206048, 0.7994510551656344, 0.8036576447766136, 0.7466394840774483, 0.7991592643095604, 0.7966931979524325, 0.7930843304829194, 0.8011174685511946, 0.7664294640427457, 0.805585754493177, 0.7796603772872978, 0.7801399198345721, 0.7910131898269747]
loss:[0.6839375620353896, 0.4659451762054155, 0.37251374258436587, 0.35410503971124524, 0.3521937350109069, 0.34531403026695767, 0.3706113006401508, 0.35559834761039016, 0.3782726229241149, 0.463947542016561, 0.4119680210783654, 0.3836903633137018, 0.3489860902649604, 0.402104020677884, 0.3665316434216807, 0.37067512688945764, 0.3719895150788012, 0.3917263320303231, 0.33005396680400684, 0.37167021882188017, 0.3515803195737049, 0.3752028807542156, 0.37894053948683876, 0.4582458813440793, 0.40550695484430543, 0.40702841565748754, 0.38272027872161263, 0.38375777042081083, 0.3638402890177277, 0.3649934574981905, 0.4478577805771209, 0.3749699819541852, 0.3643780514235557, 0.3898979094501878, 0.40252320612872194, 0.36689497712483576, 0.3989414191092469, 0.4349577708865822, 0.39695219227809975, 0.3945443594348905, 0.4302033191775764, 0.4477548724269919, 0.4022661842094705, 0.4335738956017479, 0.3967266344154568, 0.40114752315365265, 0.411188139932025, 0.41097374407338433, 0.44759790023522183, 0.43719669308787196]
method:oursattackertype:signflippingattackernum:10
acc:[0.11494528854712723, 0.245105836762106, 0.3050586928999697, 0.3806267282756963, 0.4513046919634341, 0.5228395289674074, 0.4927921572058332, 0.5723265816577251, 0.5792086497197846, 0.5693003989543108, 0.588410838480992, 0.603073851056156, 0.6172897044251192, 0.5873192013951761, 0.6300575722943134, 0.6166467746366755, 0.6392962513592685, 0.6752557396588555, 0.7126952033090901, 0.7084765214420752, 0.7199752840787215, 0.7348484451314111, 0.755925492869991, 0.7682614564885585, 0.7443438382423821, 0.7568481107089347, 0.7146308909392668, 0.7398649100706145, 0.711234119745889, 0.6986375126526883, 0.6969057504234254, 0.7584389674062543, 0.7360004720967797, 0.7693280887172821, 0.7736917686596826, 0.7539761014609669, 0.8011527238618136, 0.8061289580928512, 0.8057587467125088, 0.8149402851583113, 0.7976703441719725, 0.8030406732459264, 0.8096320619042295, 0.8205389503618574, 0.8272824625544971, 0.8240353215410706, 0.8186038570378589, 0.8196898805960013, 0.8159394502758952, 0.8168517651191464]
loss:[0.6565728092601635, 0.5099566833713125, 0.41386624747416956, 0.3835670952665981, 0.3733410215317352, 0.39556638608163197, 0.40594075733183155, 0.35074400723141136, 0.35526560141651525, 0.3800371968979881, 0.4159396445939241, 0.4202777893905732, 0.45249759455732363, 0.39812675512816287, 0.40224609732185784, 0.4465770559042, 0.38452032812438286, 0.4268966393896949, 0.43519528777019423, 0.4173463816179737, 0.4476798626963984, 0.4228894201551066, 0.3733934544251359, 0.4046409375661793, 0.4251192504726772, 0.41933268340260577, 0.4392962646181756, 0.40304026564655426, 0.3955558766738869, 0.4405893304871565, 0.4558555446491978, 0.4530644471995353, 0.37079508560482105, 0.43190059150191096, 0.3847816595910402, 0.42491411945066715, 0.37742849775968396, 0.4191391124531171, 0.43586765893099344, 0.4620808144646249, 0.3799265700875251, 0.45053287005694326, 0.44602353895313734, 0.4185537827850796, 0.3837577779336236, 0.3845354265154764, 0.4599570934454838, 0.4044883388716168, 0.45552440086940804, 0.46779486234712114]
method:averageattackertype:signflippingattackernum:10
acc:[0.1, 0.15391205104868116, 0.1264538951417441, 0.25597019049401504, 0.2542017846019337, 0.2658450144480695, 0.26002936433149537, 0.32498146454915905, 0.3584309841218871, 0.347344241317864, 0.35273215226462923, 0.37744079022387816, 0.347245777297528, 0.44612311353792633, 0.27634602443674944, 0.22353144048686954, 0.38709776323261963, 0.3174012907362836, 0.4033174165603385, 0.3910488168943205, 0.38061641453147455, 0.39619166759839286, 0.3719876687496366, 0.4063600742839039, 0.4447111456106069, 0.40825737399117307, 0.41506922517526296, 0.3791644423785075, 0.3985061609694877, 0.44279058960494283, 0.4315570856688583, 0.5047908904794077, 0.3836110441244389, 0.4610259887236332, 0.41798881696509615, 0.41547324233234006, 0.37399282931880157, 0.5001445002826089, 0.3773648783589711, 0.3586037201719829, 0.3682569313451686, 0.537073435733816, 0.4722035811007396, 0.5111645235605842, 0.5117015169862565, 0.49005791433755574, 0.4521344040606129, 0.42519581416420943, 0.49334188904602494, 0.47168447698448823]
loss:[0.7142756190377448, 0.7912778634076224, 0.4306892176178131, 0.6101506898136322, 0.4600369756136534, 0.521561694996431, 0.5518780982618445, 0.5189203487734979, 0.5740392485795549, 0.5075468754998425, 0.5284633485982555, 0.5416396893519217, 0.5386074026277987, 0.5535201055011977, 0.5068693728515385, 0.5460202890551065, 0.7504742107911773, 0.5752132942862876, 0.6095537042139431, 0.5674536111496072, 0.593959919061863, 0.573965874871325, 0.6399814673780972, 0.6506101285287155, 0.594016688089941, 0.6201924990505123, 0.6411149755597675, 0.621510420144782, 0.717495073188793, 0.6732657659874104, 0.6178936058096259, 0.6612722191112794, 0.6796659876561852, 0.6614105823744865, 0.6323099911903667, 0.6343118804950553, 0.6806104412828594, 0.684349475816554, 0.6039411156792192, 0.6903862703539732, 0.6010348918075734, 0.6329367712082824, 0.5708928969101534, 0.5757224681826714, 0.5912281413235322, 0.6454208682816555, 0.622699296926371, 0.609673966532451, 0.5951542403824014, 0.6208001592970782]
method:irlsattackertype:signflippingattackernum:25
acc:[0.1, 0.14728736456723546, 0.1424792495693262, 0.15559836722861298, 0.19820698130593392, 0.27678814784397865, 0.21741644030949683, 0.2545743102555695, 0.2742060121139029, 0.2623471599727759, 0.2773333099393436, 0.3376067956601679, 0.3753942492187124, 0.3574842670892204, 0.3606987013096398, 0.3813850523608541, 0.3984505007335987, 0.37961307544647793, 0.3639282632420121, 0.3354783618289308, 0.37938483238988113, 0.42392916351885424, 0.42446630468720276, 0.39518911054791217, 0.2628070858975249, 0.22465922445283168, 0.4207656385343465, 0.4028858107560819, 0.3141611750404554, 0.4324313817384923, 0.3212801577872097, 0.3849471242888598, 0.38246261435886275, 0.2557075920191809, 0.37126840022300095, 0.3278970985204976, 0.3094405215796302, 0.12906479847717867, 0.42469351262909155, 0.4514298728536833, 0.48831298318353356, 0.4781517074822366, 0.459972283288273, 0.3767703411330987, 0.41969170358742836, 0.305390375392815, 0.4027836081489781, 0.33893175142110327, 0.3926067036039971, 0.4215759214138375]
loss:[0.5320028364947345, 1.2381581554783525, 0.4238508731500537, 0.4393556068389302, 0.3923350552403052, 0.3683519345282076, 0.41611344607909534, 0.41921606420769447, 0.3878672761941731, 0.4611748175761455, 0.5138619598586491, 0.42060778938043913, 0.42001960174120373, 0.44015571757555105, 0.4686420939811217, 0.5025843799979526, 0.4915757636297822, 0.5522235442525948, 0.5256635928386003, 0.49748939663327757, 0.5577028905091852, 0.5115161849697418, 0.5412556320469257, 0.4766733726651961, 0.5506403245293121, 0.5526447299967472, 0.5747991190497729, 0.4958204292166167, 0.5812826414164587, 0.5602021074682334, 0.4963106830183471, 0.6017181024540175, 0.5722391877313373, 0.6228321116884448, 0.6165978913434912, 0.6169460037763415, 0.5962430350561077, 0.5784737972341263, 0.6014228347460384, 0.6260521315298905, 0.5986457871740491, 0.5644003730475419, 0.5757696008688078, 0.6020946023404997, 0.6511561429779987, 0.6524184476966585, 0.5818113625895434, 0.5770813936643195, 0.6798190399481725, 0.6132569925129339]
method:oursattackertype:signflippingattackernum:25
acc:[0.09988789237668162, 0.2801036761876158, 0.420977128395262, 0.4930696315695807, 0.6134059489040546, 0.619225123283221, 0.6248217873974978, 0.6172199245910803, 0.6700892891954894, 0.6731133849231866, 0.6985807195960122, 0.702350711778613, 0.7008298584390383, 0.7347801471688119, 0.7003718271125664, 0.7243287211665076, 0.7276184142575548, 0.7243363061004152, 0.7628367313547932, 0.7470728570257155, 0.7296551483801187, 0.7359117718064819, 0.7359512640603997, 0.7718871651488498, 0.7511491573007081, 0.7689552919709371, 0.7323194519440582, 0.7827734461904907, 0.7841316038497217, 0.7653164083116969, 0.7812712281172326, 0.7714482840687366, 0.775385904807403, 0.774191628557807, 0.8069936947861266, 0.7617149109188381, 0.7828557150684011, 0.7752792780983842, 0.7997283844101438, 0.8075289054792243, 0.7745485022641995, 0.8081902575376296, 0.7991583305550373, 0.796984890389246, 0.7819882717492121, 0.7931789469102408, 0.8052621502897748, 0.8067109982605377, 0.7938029836879316, 0.8044926754311583]
loss:[0.6018558883618069, 0.3853094940003263, 0.36791200028603577, 0.3256799121416741, 0.30449647402822855, 0.3198250450377303, 0.3431061830810191, 0.3367602354060499, 0.3207324302002775, 0.3511672950801928, 0.3263203329437261, 0.42957179375415033, 0.3638185560441489, 0.3798482941737069, 0.3910876676481398, 0.33883768371175, 0.34114649732826074, 0.37242906894271594, 0.38272258858226404, 0.3781218736598099, 0.38834622007227615, 0.406217855294724, 0.39707195976080667, 0.3756224978454236, 0.3962776700153468, 0.4179336195057005, 0.3760219288579676, 0.4477319320427724, 0.41203084812004853, 0.3981270739278843, 0.3899480057341822, 0.4421621218485305, 0.39278337060728147, 0.48443779246405283, 0.41640191432910423, 0.43022694042426235, 0.4140202245010258, 0.41025908533595074, 0.4101775356876276, 0.38262665405747365, 0.39501944139958384, 0.4337928507082238, 0.43356955158517385, 0.4519868186654339, 0.44588078899480493, 0.38696979177837876, 0.435509423659252, 0.41746342865468716, 0.4181574086005794, 0.45346689690669223]
method:averageattackertype:signflippingattackernum:25
acc:[0.1, 0.1, 0.1, 0.1, 0.13115253664363902, 0.13398121650194092, 0.17363413578673065, 0.2071371501795639, 0.20207648271884407, 0.28106678882035374, 0.23324831781355052, 0.2008824891902038, 0.22938449099131822, 0.19986109534861188, 0.2517625683851767, 0.29198384666531, 0.22972398153950402, 0.19958273021610154, 0.2025069499438213, 0.2160436275563018, 0.26600144728234404, 0.24398324932946158, 0.15708356802814238, 0.24188327668090062, 0.21995157657594888, 0.16455559482992058, 0.26162644577572075, 0.19183819365555277, 0.1644703330479159, 0.22031448709355386, 0.28660900463094224, 0.18570957222336168, 0.1166125052710911, 0.19288672913009336, 0.12455868884270044, 0.17372049692958882, 0.16175057321683653, 0.16582459290817644, 0.1341321670858669, 0.24084131313826868, 0.20293922448467713, 0.20000451058501947, 0.14614246414585716, 0.3272602801840097, 0.16452726578556168, 0.12707169505965843, 0.11932475951160512, 0.23476353954321633, 0.17181420300247632, 0.19266276828375317]
loss:[0.5205943332767032, 4.277658236302769, 0.8968630264633526, 0.5835417461810769, 0.765935469940818, 0.5145410806425201, 0.5135079907490154, 0.4625628342862041, 0.5550397132885578, 0.563254203727716, 0.43772098884616056, 0.524744715528541, 0.5948985077581893, 0.579674552563732, 0.6907214598733458, 0.6304401050476498, 0.641813125583607, 0.5552621084862501, 0.6166184650322518, 0.62261028661127, 0.6587292567660974, 0.5741845275106958, 0.5170577752293244, 0.688527901447092, 0.6652330515562255, 0.7438112910461959, 0.7708719052123837, 0.6701198688974511, 0.7988452285115328, 0.814365445236938, 0.8785469677318156, 0.7096593702021687, 0.6625941646655849, 0.8812440269234821, 0.7554723294495492, 0.6908723070453537, 0.6242450742848654, 0.7690875131395922, 0.7627407345897687, 0.8709533780897543, 0.8535532459312624, 0.8480828736109883, 0.7455194275930986, 0.824091548691074, 0.6041816010786049, 0.7703776326164761, 0.6529205038315048, 0.7440252441905775, 0.7990435526360538, 0.8839593351317158]
method:irlsattackertype:signflippingattackernum:30
acc:[0.1, 0.1, 0.10009727626459144, 0.11026820475660463, 0.16335877386911005, 0.11739429542001797, 0.16070574391100445, 0.24065893425550816, 0.18423469610122098, 0.2565015852555295, 0.26367109412878587, 0.2250694094136579, 0.27752381379084134, 0.2756378154436117, 0.20131885407152067, 0.2932941642762562, 0.3195148258456936, 0.23315564150073204, 0.2949935094854674, 0.2529890909260551, 0.18780001469359794, 0.22843589100579742, 0.12338143562132221, 0.31784355417627885, 0.25296054174228, 0.27313911203221924, 0.21204276697144459, 0.33292178239942083, 0.20237729014136624, 0.35911040534572636, 0.28801921800558483, 0.2760493045654652, 0.35431151591174276, 0.3005618277933903, 0.24715952960711993, 0.31362162235907365, 0.25858417301950193, 0.353476340327977, 0.24303111095682625, 0.30614611940338915, 0.32004083295835567, 0.25443092618950996, 0.3103648539446574, 0.305694917809571, 0.3228785512342652, 0.3066804599552809, 0.29961562299997985, 0.2829690709364572, 0.304844356698327, 0.24071066036496935]
loss:[0.5312935713703344, 2.3518487837402895, 0.6757872458324574, 0.48662076970300644, 0.4612967623130861, 0.45746173196368334, 0.5663916786720286, 0.5560983768624498, 0.48044897482900417, 0.4739353521641094, 0.49250203610251947, 0.48346044160143903, 0.47768650823470943, 0.48873515675597184, 0.5087723266483283, 0.5124173030365318, 0.5247133457795975, 0.47639207786049953, 0.5229674111421644, 0.43961594878303767, 0.5305831288204829, 0.5486502613593637, 0.51060387244962, 0.5922516307968656, 0.568789293205486, 0.6602186777547225, 0.6093273241424497, 0.5696086159618526, 0.48957795869796716, 0.6220913552053448, 0.5696129215882799, 0.6661313570232873, 0.6336029934438475, 0.5670492309831094, 0.5047358175867666, 0.6530737692639118, 0.6291486985388787, 0.6734087028882084, 0.6005167660378031, 0.619901502417095, 0.5825090731382758, 0.6228055246086366, 0.6774806863116242, 0.5831510691476397, 0.6763363944065381, 0.6575212722143575, 0.67492008271539, 0.6967150838648306, 0.6310343595322497, 0.6953044669622616]
method:oursattackertype:signflippingattackernum:30
acc:[0.1, 0.32928555099141776, 0.34051269516388427, 0.5528872800579075, 0.5132263297538654, 0.6120871250888646, 0.5902884714931548, 0.6645075056440881, 0.6720564818854342, 0.696595451752604, 0.6606525375801855, 0.6885207594348755, 0.6763747658783823, 0.7350475237078623, 0.7329287584120177, 0.7063510933599377, 0.7277520274803827, 0.7868955119290193, 0.7168125296971116, 0.8024652596206415, 0.7715027622981592, 0.7787407786752363, 0.735297054651634, 0.8173187980887832, 0.8202996157333996, 0.8110530135709821, 0.8103983416331456, 0.8232065919039339, 0.8208161425126154, 0.8274383175340139, 0.8281440056791094, 0.8129864346963237, 0.8337270320719715, 0.8263761316742715, 0.8446143674836066, 0.8217805973301759, 0.797972404169695, 0.8511694476079401, 0.8449059264930392, 0.8553231191738812, 0.7624141789935461, 0.8380164475140173, 0.8456216318623159, 0.8581562880300003, 0.8672149864995836, 0.8578964158980061, 0.8707708089317888, 0.7936938330461688, 0.8658268193915096, 0.8348133265536757]
loss:[0.5208434367241298, 0.3506901535638729, 0.3556833201302275, 0.34439331243308924, 0.28546154916050026, 0.29308003011824246, 0.32828919331730344, 0.3153451331872446, 0.3540042455953618, 0.3520315532981185, 0.30098069767923474, 0.33206794561580844, 0.33986792612530003, 0.3264175747550952, 0.324900025599198, 0.3863725326480763, 0.3457896487907593, 0.32747476522280744, 0.3747806987719514, 0.34932045346154755, 0.3572238529817656, 0.333395674197026, 0.3572852784564911, 0.38829740128220136, 0.3630091077818854, 0.35526531342145345, 0.33992915501550547, 0.34070536423894376, 0.36351355852544787, 0.39513499221691295, 0.3517171620441844, 0.36175709269301043, 0.37500199438207193, 0.324766389926484, 0.41800729793524244, 0.4309954835142605, 0.46293349360191066, 0.3508914090115298, 0.33695847390796996, 0.40999092887437555, 0.3677978225958978, 0.393653026347502, 0.3098774230250379, 0.4081580138456398, 0.3891804432680282, 0.41065607967454476, 0.3603100470621481, 0.4013387479798701, 0.36940444974333175, 0.3977897163266283]
method:averageattackertype:signflippingattackernum:30
acc:[0.1, 0.1, 0.1, 0.1, 0.10259109735338946, 0.14160541489665252, 0.12727125310536946, 0.13179941032520756, 0.13095379846453548, 0.12399547208682145, 0.16871179889482132, 0.18853218063750599, 0.19709011244437497, 0.14464131718152884, 0.19368385348678, 0.12152938194986664, 0.188739073028263, 0.20918005636879466, 0.1574009656513905, 0.19103719075554917, 0.21700379209688503, 0.22102609709579837, 0.15611328953827058, 0.19454795124352703, 0.18443318696089167, 0.21576214001499439, 0.13997074807259866, 0.21770996023989206, 0.13603604040601253, 0.1828157803488976, 0.17347124287064736, 0.24296788329464739, 0.26580856150489557, 0.21220276543774197, 0.21755671316840086, 0.20292419708122633, 0.20806784033517456, 0.200311070387801, 0.21015934242985518, 0.1785572466518163, 0.17194752780032227, 0.18590137281817518, 0.22105933703704314, 0.20194551293053828, 0.2246900890385767, 0.17955616739367053, 0.18972454443887968, 0.14847361162234646, 0.1681696614277567, 0.21153856927536058]
loss:[0.5747145598649649, 6.437915643363115, 1.0903784045142368, 0.582599780661364, 0.4780935094678014, 0.44152487770780535, 0.3815786635235309, 0.48237693646102514, 0.5365866530182904, 0.46491516989219095, 0.5069878750930542, 0.5440578578169117, 0.49494855989460307, 0.5002299838798757, 0.5668758036274314, 0.5771739014616771, 0.6002648749922134, 0.6156678131109496, 0.57494685388521, 0.7070658033636819, 0.6491293709668109, 0.7076615656703603, 0.6571568477646947, 0.5891672764971566, 0.5596375881121296, 0.6498791452071754, 0.6778309305189526, 0.7017379254249023, 0.6365394934286678, 0.8883684015573651, 0.8514707461888587, 0.8915314536883556, 0.763513140259175, 0.7171589795863778, 0.9008717226701006, 0.8234589589241079, 0.857729248969982, 0.9272678585768362, 0.7484333570099906, 0.8700283858222656, 0.8734943324970418, 0.8298789493011919, 0.9569543691795478, 1.076239864101549, 1.0298683718981005, 0.8206474025964858, 1.0222855930260244, 1.0220756190368734, 0.9795094221140619, 0.9027236921668392]
method:irls
attackertype:backdoor
attackernum:10
backdooracc:[[0.0], [0.0], [0.017], [0.0425], [0.0705], [0.0975], [0.0921], [0.0929], [0.1013], [0.0985], [0.0982], [0.0986], [0.1058], [0.1011], [0.1041], [0.1029], [0.1042], [0.101], [0.101], [0.1015], [0.1035], [0.1], [0.1001], [0.1021], [0.1035], [0.103], [0.0999], [0.1029], [0.1025], [0.1017], [0.099], [0.1021], [0.1019], [0.1013], [0.1023], [0.1007], [0.1029], [0.1027], [0.102], [0.1029], [0.1016], [0.1039], [0.1016], [0.0998], [0.1022], [0.1012], [0.1006], [0.0989], [0.1041], [0.1006]]
acc:[0.17720850993587678, 0.35022587140943356, 0.4983061995813097, 0.5999222007854559, 0.70019102204338, 0.7303522804722552, 0.7550957283159846, 0.7690329956876162, 0.785640381496517, 0.7969411217961622, 0.8028108859220149, 0.8118578381071775, 0.8208632512596372, 0.8253369462881539, 0.8309276432769834, 0.8361733230630151, 0.8424224143762946, 0.8427751162692203, 0.849747854368802, 0.8533509484021807, 0.857013463841324, 0.8600785253955842, 0.8635729263610772, 0.8633493683107102, 0.8683527138493018, 0.8694424413682472, 0.8723840721634988, 0.8761222529334051, 0.8775695590542404, 0.8800742664689502, 0.8817380053628305, 0.8847970040342082, 0.8875023885159722, 0.8877081533799634, 0.8883923211788266, 0.8899040566238768, 0.8919560894501626, 0.8958036939117603, 0.8946769811618337, 0.8976322627171518, 0.8968294945808022, 0.8971729016715546, 0.8984604758886537, 0.9001840054438247, 0.9026928829822, 0.9023328383310588, 0.9031575829459059, 0.9040694335549613, 0.9037468926417038, 0.9038649629694212]
loss:[2.182984673843257, 2.051840961688097, 1.8425399748508708, 1.627539157308682, 1.4696472220534544, 1.2917009283098393, 1.3320739404981967, 1.2900074907247823, 1.366571237193197, 1.3171660272734518, 1.2343679394557312, 1.3367810494883907, 1.443694765267662, 1.3254583049050954, 1.2933714586859542, 1.2108669549531401, 1.2945400465243957, 1.248835739061003, 1.2622517613441782, 1.2650493317712415, 1.2019061724190305, 1.3651002824877239, 1.303261135340494, 1.218271413312952, 1.2780908799330928, 1.2228328730888351, 1.2335962671821714, 1.225103054576636, 1.3173379716308427, 1.2641698084544335, 1.221080553610001, 1.2915466160352014, 1.2245973131768702, 1.3595188935419915, 1.27910412300551, 1.1862368696889598, 1.2552957300914371, 1.2118867018238308, 1.2192439429887838, 1.2973118442611242, 1.2072044311043344, 1.2464722367492413, 1.2286781872535404, 1.167507328647219, 1.257886625889677, 1.2486284222579362, 1.2623535064500337, 1.2174392637101956, 1.2251210752421973, 1.156835936517614]
method:ours
attackertype:backdoor
attackernum:10
backdooracc:[[0.0], [0.04], [0.0963], [0.0883], [0.0792], [0.0821], [0.0881], [0.0875], [0.089], [0.0913], [0.0915], [0.0914], [0.0912], [0.0896], [0.0958], [0.0957], [0.0943], [0.091], [0.091], [0.0965], [0.0963], [0.0925], [0.0972], [0.0943], [0.0914], [0.0969], [0.0932], [0.0954], [0.0956], [0.1], [0.0992], [0.0934], [0.0943], [0.0958], [0.0971], [0.0972], [0.0954], [0.0954], [0.1007], [0.0965], [0.0969], [0.0982], [0.0985], [0.0966], [0.097], [0.0957], [0.0968], [0.0946], [0.0944], [0.0953]]
acc:[0.10834732127659745, 0.40130191889858324, 0.5851077656916537, 0.6838555066398329, 0.7313863705947266, 0.757258118427738, 0.7764716321758641, 0.7921383482387092, 0.7985266667651374, 0.8061185001231863, 0.8118689938466916, 0.8184716075532509, 0.8251881751600922, 0.8259854242062915, 0.8330865676282636, 0.8370596681553135, 0.8419075310207391, 0.8429854684094433, 0.8491353554947101, 0.8533718124384431, 0.8560336795362826, 0.8578941789574799, 0.8592664592890539, 0.8613556250550084, 0.8636304391681857, 0.8691280447774559, 0.8684236621887435, 0.8697910642283952, 0.8703815814122421, 0.8713154466333085, 0.873809932502179, 0.8755261622323086, 0.8767258015282249, 0.8778568531662506, 0.8784373806747623, 0.8829502434318073, 0.8825776345717952, 0.881814294431175, 0.8858376593244938, 0.8881163196515032, 0.886577280613194, 0.8848280528209973, 0.8886140861159345, 0.8894100681985458, 0.8894137533254833, 0.8919118364944377, 0.8941336292042212, 0.895349041532661, 0.8965393415405346, 0.8952401808588715]
loss:[2.1691568203547256, 1.9675725753814148, 1.724234200224409, 1.437838429357898, 1.380782803914897, 1.3336699758737547, 1.2528002418726782, 1.2559190812983085, 1.3386888129799903, 1.293672094383295, 1.2637295465192957, 1.370177345489516, 1.3229919845775882, 1.3794507877529358, 1.2660732195291127, 1.2368250487265537, 1.3934053599912601, 1.3168972423098024, 1.3979128282051618, 1.662909555159921, 1.3154317338352897, 1.304888685631153, 1.3792240575322583, 1.4931439612039927, 1.3917224989249177, 1.5353070301382234, 1.4051754487934307, 1.397811008688283, 1.443620749174036, 1.388655811063903, 1.5127044275757857, 1.4140557552164266, 1.3033399605692484, 1.490878113576025, 1.5202971091800135, 1.5370578258765961, 1.2998534960436865, 1.4276554605443184, 1.3858550833447847, 1.4349721394716355, 1.3109631629608305, 1.551338688955186, 1.4620816727717214, 1.4517874608827304, 1.5780984516856147, 1.3998415133740403, 1.4328226484901623, 1.3908986993406727, 1.4698675643042987, 1.4566459791282176]
method:average
attackertype:backdoor
attackernum:10
backdooracc:[[0.9177], [0.7655], [0.576], [0.5909], [0.216], [0.246], [0.2659], [0.2565], [0.1907], [0.2247], [0.1678], [0.2726], [0.1984], [0.1405], [0.166], [0.1427], [0.1724], [0.137], [0.1868], [0.1531], [0.1499], [0.1579], [0.1204], [0.131], [0.1511], [0.1585], [0.1451], [0.1331], [0.1533], [0.1554], [0.1455], [0.1494], [0.1399], [0.151], [0.1305], [0.1497], [0.1556], [0.1643], [0.184], [0.1775], [0.1947], [0.2712], [0.3392], [0.4295], [0.4509], [0.4761], [0.6035], [0.6761], [0.7159], [0.768]]
acc:[0.1714588860849124, 0.25769145101477353, 0.36706127227670393, 0.3832524570469196, 0.5784177226501516, 0.5828452754455603, 0.6210883383597543, 0.6721996504544089, 0.6915020569488828, 0.7084957694740086, 0.7752739282170206, 0.7066066265071917, 0.7495341871601354, 0.7912478822984329, 0.7907510002823115, 0.7794483625008435, 0.7805893255362832, 0.8159621212208565, 0.7836640444983065, 0.8111849190127688, 0.8079188573228784, 0.8134361549046808, 0.8312235754706068, 0.8219005682629701, 0.8178352714278507, 0.8206054647853747, 0.8269682870934446, 0.8384808424486295, 0.8341320399077676, 0.8361413245161836, 0.8323529572781888, 0.8467630998450473, 0.8494588582466307, 0.8486206904746653, 0.8562051091902333, 0.8568721704391727, 0.8595329222269501, 0.8632582274886542, 0.8611092010500198, 0.8632947897336621, 0.8643631494338403, 0.8682697018290769, 0.8656069192323114, 0.8631496526486815, 0.8649344495333032, 0.8641542770477075, 0.8643844283421538, 0.8530012253920647, 0.8575644092476751, 0.855019720047537]
loss:[2.16748609611822, 2.009494220650397, 1.782417707072035, 1.5136816690060746, 1.4059829104942814, 1.2486170590107009, 1.179890332822093, 1.1605694130850535, 1.1151088241938298, 1.0839713763193008, 1.045918197296682, 1.0528703971825941, 1.0015326588266593, 0.9997661580507893, 0.9878931117484442, 0.991320888412837, 0.9815739921987134, 0.9663702143879503, 0.9922121171532299, 0.9875529603225925, 0.967523207761433, 0.9608902713789375, 0.9546962567056284, 0.9590079860280214, 0.9514969816961071, 0.9641628419890274, 0.9807294034248546, 0.9787033242947369, 0.9359968894264005, 0.9228352270591894, 0.9596933786272509, 0.9405601310720508, 0.9002081815277068, 0.936948291656282, 0.947063489265054, 0.9119118891888421, 0.9032045318968394, 0.8914640354197674, 0.9008233310904923, 0.8770173432451887, 0.9155683385201874, 0.9259376893855217, 0.9097945044454677, 0.8874524676972713, 0.9528381345654384, 0.9130688841992932, 0.9395095470708527, 0.8835557202642268, 0.9335717588553012, 0.9154833375392949]
method:irls
attackertype:backdoor
attackernum:20
backdooracc:[[0.9999], [0.8168], [0.2976], [0.2596], [0.1908], [0.1944], [0.1679], [0.1676], [0.1628], [0.1089], [0.1403], [0.1434], [0.1242], [0.116], [0.1207], [0.1104], [0.1213], [0.1102], [0.1197], [0.1232], [0.1591], [0.1234], [0.1147], [0.1144], [0.1314], [0.1143], [0.1077], [0.1221], [0.1229], [0.1224], [0.1151], [0.1197], [0.1223], [0.1208], [0.1387], [0.1183], [0.1272], [0.1187], [0.1093], [0.1192], [0.1271], [0.1209], [0.1257], [0.1193], [0.1239], [0.1232], [0.1191], [0.1182], [0.1188], [0.1225]]
acc:[0.1, 0.21648538869919384, 0.5206772318591175, 0.5623555393472937, 0.6604714656086411, 0.6553106046969226, 0.6915399031645315, 0.7619989406262495, 0.7555042536730074, 0.7759958801257926, 0.7955542884850965, 0.8146814531596622, 0.8200482174905142, 0.824820146423086, 0.8358124098186888, 0.8316963333562886, 0.8404838400288595, 0.8477202507896638, 0.8388093652883536, 0.8380758477364896, 0.8322598170875887, 0.8399383200966374, 0.845782960075074, 0.8533688073615479, 0.8522330148292351, 0.8673263501327005, 0.8600660052018831, 0.8652164273129342, 0.8654389874568341, 0.8694549038872531, 0.8671760162100046, 0.8756709986973065, 0.8725285712623231, 0.8692682939315775, 0.8709167289078897, 0.8710788580942007, 0.8751699071265601, 0.8773141220048911, 0.8779275552375897, 0.8796884407576318, 0.8688923335099594, 0.8764151970614759, 0.8824276427532056, 0.8906243599168888, 0.8891516983850064, 0.8887441195721429, 0.8877486007664313, 0.8899510809202325, 0.8866290813799349, 0.8859387980351531]
loss:[2.8257803438058358, 2.884689636427706, 4.201282453851985, 3.3720502606993077, 2.7251182571195787, 2.1865959367050114, 3.016343647732825, 2.3656886903358947, 2.483334341832769, 2.3535451907753377, 2.2390323125451483, 2.1883635981372067, 2.611733645888452, 1.9212837793177762, 2.480555896102738, 1.96420601564307, 1.7201013623669592, 2.342351852201373, 1.8021289612463047, 1.82330583815233, 2.073023882533039, 1.9704222987702795, 1.6794047413359026, 2.175752894166412, 1.7059896580268812, 1.8368109673221475, 2.2232142977371625, 1.8456839266618554, 1.662200914648477, 1.6421913833284367, 1.6103110077100522, 1.8842521050618317, 1.6492797335614902, 1.6331751475753826, 1.5452512251760404, 1.938969126772249, 1.7328722888429784, 1.7317746046669142, 1.9777594317394902, 1.616678521056879, 1.5469468245019908, 1.5082310661538052, 1.5640670659803941, 1.827252104721904, 1.706658465861733, 1.5890658792057057, 1.6164754812336146, 1.5002087946817677, 1.4762510553555037, 1.5645498958050226]
method:ours
attackertype:backdoor
attackernum:20
backdooracc:[[0.0017], [0.0048], [0.0148], [0.0219], [0.0371], [0.0451], [0.0595], [0.0671], [0.0819], [0.0827], [0.0821], [0.0859], [0.0832], [0.0848], [0.0821], [0.0851], [0.0888], [0.0845], [0.0857], [0.0912], [0.092], [0.0905], [0.0927], [0.0921], [0.0942], [0.0957], [0.0943], [0.0894], [0.0934], [0.0928], [0.0924], [0.0903], [0.0909], [0.0925], [0.0917], [0.0922], [0.0936], [0.0917], [0.0943], [0.0952], [0.0934], [0.0951], [0.0944], [0.0947], [0.0988], [0.0942], [0.0947], [0.0964], [0.0943], [0.0967]]
acc:[0.2069833455413552, 0.35061332946101553, 0.5427778745903596, 0.6210613434167029, 0.6917997477806783, 0.7305250596530091, 0.7704897034534405, 0.7894125461752922, 0.8059996964545558, 0.8182064431466137, 0.8248917495039345, 0.8349710574275055, 0.8383579717365894, 0.84238322164972, 0.844835852702758, 0.8542000292122287, 0.8594766608517818, 0.8580015067375614, 0.8603664051105995, 0.8689143284054187, 0.8702924872221577, 0.8706333912865496, 0.8749898794025606, 0.874449863213567, 0.8779476034597156, 0.8789706233941785, 0.880355405850996, 0.8790944977899808, 0.8825061698543197, 0.8855807867846218, 0.8866705726664847, 0.8884823917125109, 0.8915564307566666, 0.8938470092287879, 0.8920740418677622, 0.893929534866719, 0.8970784277569245, 0.8985410674245505, 0.8979162049703587, 0.9005137013127917, 0.9009111993731296, 0.9025274204964975, 0.9028129399179764, 0.9031467419372419, 0.9049189489026296, 0.903174813493956, 0.9031931096446268, 0.9055436402121608, 0.9051095736129775, 0.9057707333963241]
loss:[3.2809892401138643, 3.7165847996776957, 2.989975058213412, 2.6830029931407604, 3.1237575922041425, 2.4379451491300657, 3.418672320666765, 2.3719287931531143, 3.0340921944125103, 2.5871566250299427, 3.3745825601785735, 2.477830438704041, 3.631314431039257, 3.338039820740625, 3.009332183954171, 4.28347872660969, 2.702882996931509, 2.590763199718522, 5.143072205572422, 4.1051596298853115, 4.310075080079071, 3.7852262078580963, 4.221307738690739, 3.129299034070585, 3.1619103356971197, 4.192756000370211, 2.921697732030226, 3.301788339259844, 3.7261314591017918, 3.662992950170142, 3.2445876154730486, 3.8397752694292913, 4.11879079438824, 4.456886953864598, 3.444853260408522, 3.0636152094521765, 4.177443155601642, 4.574202018524934, 4.047197005371047, 3.021364366298888, 4.777569898502413, 3.8851403337012784, 3.768697985142997, 3.0774210707873975, 5.050173982481165, 4.21720483164054, 4.30250688198998, 5.096495255776522, 4.172471404307498, 4.223262217011731]
method:average
attackertype:backdoor
attackernum:20
backdooracc:[[1.0], [1.0], [0.9461], [0.6377], [0.4883], [0.4299], [0.3535], [0.7], [0.7789], [0.9885], [1.0], [0.9996], [1.0], [1.0], [1.0], [1.0], [1.0], [1.0], [1.0], [1.0], [1.0], [0.9999], [1.0], [1.0], [0.9999], [0.9999], [0.9999], [1.0], [1.0], [1.0], [1.0], [1.0], [1.0], [1.0], [1.0], [1.0], [1.0], [1.0], [1.0], [1.0], [1.0], [1.0], [1.0], [1.0], [1.0], [1.0], [1.0], [1.0], [1.0], [1.0]]
acc:[0.1, 0.1, 0.15098170994950524, 0.38951629088311407, 0.49110867615588544, 0.5398242112940629, 0.6041518905058445, 0.6470062399814406, 0.7006593365555707, 0.6905235515632243, 0.7202042693228903, 0.6988431328817467, 0.7023661837046526, 0.7484814619464063, 0.7543696845369536, 0.7229173524613404, 0.728082724726585, 0.7384447932625664, 0.7236234195675127, 0.7238021732329871, 0.7144066508531379, 0.7141541022512501, 0.7081391177579967, 0.71515671144948, 0.7064115427430673, 0.6794250446934058, 0.6892692874815528, 0.6948013204764094, 0.7151845714262586, 0.6855152534383266, 0.6954890679096276, 0.7033809864087298, 0.6964141541479656, 0.7209218016701391, 0.7061255324991645, 0.7077032487850015, 0.7052975443204827, 0.7091514227756629, 0.6983525308222231, 0.6873473477859433, 0.6887989005615947, 0.6974741930814652, 0.6925583730795586, 0.705885263491095, 0.7122001314471803, 0.7222903460583082, 0.670148586567137, 0.7114818031901994, 0.7224277743481894, 0.7077353212566161]
loss:[3.0848655872834922, 3.3142086747079955, 3.152473490502008, 2.586760943908318, 2.1895103142049677, 2.010012498104085, 2.141307906379997, 1.7848107171754675, 2.2623895689682025, 1.5613755677901495, 1.7428894892738245, 1.6271706371057995, 1.7205664022940315, 1.9573274171657795, 1.5690851669798342, 1.6632785766227927, 1.5682009900618181, 1.5212982677687061, 1.599967807544081, 1.6096669449683796, 1.7102629512562606, 1.6847069304641988, 1.7174930424026194, 1.5747481265815586, 1.7839535393643837, 1.543209416729617, 1.642220801680579, 1.591547265621912, 1.776760402007566, 1.7013748918156015, 1.6812836603921466, 1.660366050322415, 1.6372408707611665, 1.9255724075559357, 1.7395824096841623, 1.8307399591269555, 1.727337248183275, 1.9025677033124984, 1.8302811210998975, 1.688610200595489, 1.7815828570745609, 1.835929635704871, 1.7581612382903642, 1.763084108100893, 1.5583704336367525, 1.8340018587749225, 1.798813871602383, 1.7857902485298736, 1.7796192398904658, 1.6879719302062501]
method:irls
attackertype:backdoor
attackernum:30
backdooracc:[[1.0], [1.0], [0.7147], [0.6145], [0.3297], [0.6112], [0.9451], [0.9766], [0.9987], [0.9999], [1.0], [1.0], [1.0], [1.0], [1.0], [1.0], [1.0], [1.0], [1.0], [1.0], [1.0], [1.0], [1.0], [1.0], [1.0], [1.0], [1.0], [0.9999], [1.0], [1.0], [0.9999], [0.9999], [0.9999], [0.9999], [1.0], [0.9999], [0.9999], [1.0], [1.0], [1.0], [1.0], [1.0], [1.0], [1.0], [1.0], [1.0], [1.0], [0.9999], [0.9998], [1.0]]
acc:[0.1, 0.1, 0.35785978932962953, 0.459071198781753, 0.6862027940471737, 0.6346129745811234, 0.6561207806156202, 0.6879371891563657, 0.7418297413740469, 0.7531330926019246, 0.7817602869479104, 0.7674840843533721, 0.7827400522950956, 0.8096331287046967, 0.8097883315036885, 0.816282314875322, 0.8197588091410422, 0.8256170360471773, 0.8221747058970363, 0.8384520998848652, 0.840997203296535, 0.8356526673136562, 0.8557040195977815, 0.854204150478969, 0.8489418367210055, 0.8536803593565189, 0.8597151522003623, 0.8599272349439495, 0.8646652206036183, 0.8707149621490236, 0.8647485508607722, 0.8680819684128107, 0.8694515112734378, 0.8720078017148966, 0.8704652205287265, 0.8654698446316381, 0.8684757862639507, 0.874676622783565, 0.8754194303765312, 0.8738414753393241, 0.8808522675914976, 0.8855185809513278, 0.8789542048491588, 0.8843144596956982, 0.8824499262528829, 0.8884986332784539, 0.8882853621716739, 0.8826431548304299, 0.8844076141162842, 0.8815263570687027]
loss:[2.8129928865526375, 3.0675132542164376, 4.430788153392198, 2.743774138622685, 2.2562302247486024, 2.1000223509161673, 2.264094999288613, 2.1917752081295143, 2.2654185804790266, 2.219960209331613, 2.5961390775993434, 1.7470066361608851, 2.0679581881472786, 2.4936797254945087, 2.1942446315987016, 2.0512661050062575, 1.976267738493584, 2.2186697297071536, 1.9904595138783348, 2.2062600600646034, 1.9639396249269043, 1.9577239517936291, 2.170595211352226, 2.766036338997983, 1.9551320323830408, 2.1530064601575933, 2.2824430898953953, 2.3258812650030363, 1.8295091008599067, 2.0980163760928496, 1.624298871471917, 1.808334163922269, 2.0967832569003493, 1.695462850702936, 1.9186289520864246, 2.2215363470554492, 1.6346111882525935, 1.8664200493972867, 1.5689319126363124, 1.5445231558784658, 1.5972078432910646, 1.8820704189094253, 1.556634528439792, 1.7424307421034837, 1.5399986179325305, 1.5448829780305118, 1.5887483397117366, 1.6586594177047083, 1.5144758048278895, 1.5474341632385737]
method:ours
attackertype:backdoor
attackernum:30
backdooracc:[[0.0], [0.0], [0.0001], [0.0429], [0.052], [0.1821], [0.0767], [0.083], [0.0988], [0.0853], [0.0807], [0.1054], [0.0958], [0.1083], [0.095], [0.0911], [0.1247], [0.097], [0.0935], [0.1163], [0.1133], [0.1022], [0.1107], [0.1197], [0.1073], [0.1179], [0.0962], [0.0996], [0.0976], [0.1002], [0.1138], [0.1024], [0.1078], [0.1156], [0.096], [0.0977], [0.0989], [0.1021], [0.1019], [0.1082], [0.1018], [0.1084], [0.1109], [0.1072], [0.1015], [0.1083], [0.1002], [0.1059], [0.0989], [0.0954]]
acc:[0.18576878644930614, 0.3059459798268973, 0.48601475811108874, 0.6227330043835655, 0.6464484726562697, 0.6481458407097836, 0.7283389045120301, 0.7627261519188784, 0.7652646659324291, 0.8075103193678463, 0.8146511395411937, 0.8000065641892945, 0.8245442009844237, 0.8326944065190951, 0.8417826095188328, 0.8432613610156927, 0.8456895894904581, 0.8472755565644101, 0.8542620465042396, 0.8437276253457304, 0.8524374280798979, 0.8601891202850778, 0.8551683759808831, 0.8467626520993732, 0.8466561920511985, 0.850973979069785, 0.8738811427145621, 0.87385217493964, 0.8814033205349034, 0.8802863549020468, 0.8564085990518416, 0.879918082265291, 0.8562846742501327, 0.8683972800357889, 0.8842458493821084, 0.8907724662883781, 0.8930903544062201, 0.890909866029602, 0.8914661535123414, 0.8733940912996148, 0.8741159535497, 0.8862479471571788, 0.8879769270870026, 0.8900647293147744, 0.8952141609244345, 0.8966759270002724, 0.8934085998715697, 0.8984269337094676, 0.9038774024891966, 0.9006950228695613]
loss:[3.087936352058784, 2.839768235093617, 2.7403038859827125, 3.000127294455433, 3.026358478392155, 2.722211567022695, 4.398776337715553, 4.299812958677566, 3.7426352250597903, 2.9672602374262045, 3.39556295954681, 3.4612190027616756, 3.4000976248869628, 3.8576118854817603, 4.2113240292765965, 3.725581754170573, 4.413179011588395, 3.828582681610725, 3.9747727720373796, 3.561037000830834, 3.8187978300571763, 3.6474444232462373, 3.601526419049217, 3.5078557114354187, 4.163110946231312, 2.8402945257818355, 3.092003908831745, 2.8022100493487514, 4.059123856386533, 3.2715176203137517, 5.325050154537504, 3.4991313804400064, 4.026731048513514, 3.156616820375092, 3.089094631139174, 3.738777152046886, 2.5540109505804733, 3.054548719790289, 3.3128988119706517, 5.396928323669567, 3.8635693699314824, 2.545559986617921, 3.792038156297545, 2.647207767253913, 3.234619378642104, 2.6881308605595304, 3.4849124324467087, 2.299099988145285, 3.0796342639725953, 4.307027036435479]
method:average
attackertype:backdoor
attackernum:30
backdooracc:[[1.0], [1.0], [1.0], [0.8409], [0.9537], [0.9835], [0.9981], [0.9984], [0.9974], [0.9954], [0.9953], [0.9984], [0.9922], [0.993], [0.9929], [0.9952], [0.9957], [0.9979], [0.9979], [0.997], [0.9992], [0.9996], [0.9994], [0.9988], [0.9998], [0.9997], [0.9997], [0.9997], [0.9998], [0.9998], [0.9993], [0.9997], [0.9992], [0.9989], [0.9994], [0.9995], [0.9994], [0.9997], [0.9997], [0.9995], [0.9987], [0.9992], [0.9994], [0.9992], [0.9989], [0.9989], [0.9993], [0.9991], [0.9997], [0.9999]]
acc:[0.1, 0.1, 0.1, 0.30273912787009455, 0.39927762799577016, 0.5606801139436002, 0.5490281790950222, 0.6333629272074558, 0.6698725331152617, 0.6843173817647844, 0.6838903782998552, 0.6922186993874676, 0.7177163899254797, 0.7636308500452544, 0.7314186775114737, 0.7295423001795264, 0.7289249893239538, 0.7285866802958549, 0.7275483194742202, 0.757242409214171, 0.7274011880739405, 0.7198690068912517, 0.7240947660971793, 0.7497589826888681, 0.7165602813514488, 0.7547375411247348, 0.7460842236258652, 0.7444677688775595, 0.748801181544272, 0.7408762897151906, 0.7464328186164003, 0.7310289504069175, 0.7451382145522648, 0.7481663740853702, 0.7411177773325553, 0.751517701162854, 0.7466947029250998, 0.7106084589047558, 0.7456887058084651, 0.7483017795934667, 0.7527159180646059, 0.7600706335452748, 0.7525402926699731, 0.7417195064377757, 0.7433600169001079, 0.7673970316029961, 0.7574073415603131, 0.7541525147777899, 0.761569050688887, 0.775034235229537]
loss:[3.001199829417166, 3.0117896616055164, 2.9327749956817315, 2.681693300322399, 2.544649731922466, 3.4401574493406364, 2.6290497765353567, 1.773749953807033, 2.024963540894815, 1.931699496023245, 1.9522637675011048, 1.8096882258111555, 2.0017528985756563, 1.8802929901035448, 1.6411754619983507, 2.007994031886971, 1.7427079976728421, 1.9189453456794772, 1.7339905248793495, 2.2540947103798397, 1.6330237740258733, 1.7150073239056505, 1.7035368359658576, 1.707423078198113, 1.6691703468306935, 1.8281493119733863, 1.9343827993556195, 1.73863891254311, 1.9183884738087327, 1.6257190958355199, 1.7794670068239637, 1.7960718172997903, 1.918584310628667, 1.6528410650154535, 1.65167733624572, 1.758665285440982, 1.8741069335535403, 1.6917450578572721, 1.7013256603326032, 1.860554989733926, 1.6028514767509583, 1.6968429510840866, 1.5911286228092996, 1.5559048559641853, 1.6594660903190415, 1.590384015671991, 1.8095706328734487, 1.6654625837172055, 1.7553774283401509, 1.5805923525068932]
