method:ours
attackertype:backdoorDP MAX_GRAD_NORM:1DP NOISE_MULTIPLIER:2
attackernum:20
backdooracc:[[0.0], [0.1163], [0.1185], [0.0841], [0.0862], [0.0965], [0.1031], [0.1206], [0.1078], [0.1026], [0.1103], [0.1024], [0.1019], [0.1056], [0.1007], [0.1086], [0.1072], [0.0966], [0.106], [0.1026], [0.1042], [0.1076], [0.1073], [0.1036], [0.1033], [0.105], [0.0998], [0.1026], [0.102], [0.1088], [0.1015], [0.1034], [0.1055], [0.102], [0.1055], [0.1064], [0.1017], [0.1014], [0.1062], [0.1029], [0.1016], [0.1041], [0.1016], [0.106], [0.1044], [0.1021], [0.1015], [0.1028], [0.1026], [0.103]]
acc:[0.10008810572687225, 0.40336663544837426, 0.6216472972915336, 0.6632316626937235, 0.7342086550246809, 0.754357393729321, 0.7681971862622452, 0.766168887727024, 0.7980751066427707, 0.8107110259773292, 0.7998673426458904, 0.816857414467119, 0.8259835291647504, 0.8324265879471567, 0.8392912592472794, 0.8452642711753813, 0.8458629346077273, 0.8481743400511206, 0.8513246321780628, 0.8526436605031594, 0.863220020394199, 0.8621092829627005, 0.8677473336024479, 0.8715553881412905, 0.8741771247267374, 0.8716270317507447, 0.8780104730020053, 0.87929213256036, 0.881344747908191, 0.883130901143296, 0.8822873476247995, 0.887044086043261, 0.8839677241849335, 0.8921991654171635, 0.895782208178338, 0.8968100226579809, 0.8975341622415213, 0.8980725782320371, 0.8988529999054765, 0.9009625660913715, 0.9010877657909868, 0.8989439018141301, 0.9013879030890903, 0.9055224944900602, 0.9055786034278741, 0.9088341552534797, 0.909889759575354, 0.9077830690111168, 0.9130227399404618, 0.9098689328629379]
loss:[2.4823595861931134, 2.3340357742152817, 2.587516326662441, 2.4188590079038215, 2.6450488869456548, 2.854818408764589, 2.1514369561575357, 2.0516561234566635, 2.7987659975972883, 2.9112645353033964, 3.6058035690770147, 2.3840936469182967, 2.8832559252921923, 2.8742940926545617, 3.3196205741520344, 2.4564117591718757, 2.5942357421415023, 2.9616830850144007, 2.3675233389156407, 3.259635204904789, 2.7109270763772786, 2.6240191966795847, 2.7257039447882616, 2.6828005652522497, 3.075525477651158, 3.1073357660624445, 2.8967809425121924, 2.7494773124113734, 2.7492447866645575, 2.5904123026042867, 2.5671698483179535, 2.135917520834538, 2.412720584467619, 2.792503204116101, 2.654643554655677, 2.458086092413175, 3.1581642261507348, 2.3202650617286475, 3.0053841831878247, 2.3421075372631384, 2.428237575813877, 2.392861349136289, 1.9553104387164528, 2.5265551491582507, 2.0763995749195727, 2.6754052958289827, 2.15434055014169, 2.751945770052428, 2.37210931748704, 2.585587214821809]
method:irls
attackertype:backdoorDP MAX_GRAD_NORM:1DP NOISE_MULTIPLIER:2
attackernum:20
backdooracc:[[0.0007], [0.0631], [0.0644], [0.1131], [0.1121], [0.8534], [0.8624], [0.9259], [0.9605], [0.9803], [0.9734], [0.0401], [0.0339], [0.0372], [0.0322], [0.0281], [0.0292], [0.0265], [0.0213], [0.0209], [0.0197], [0.0182], [0.0174], [0.0169], [0.0154], [0.0152], [0.0149], [0.0119], [0.0109], [0.0108], [0.0119], [0.0116], [0.0114], [0.0102], [0.01], [0.0096], [0.0096], [0.0097], [0.0094], [0.0092], [0.0087], [0.009], [0.0082], [0.0085], [0.0077], [0.0082], [0.0075], [0.0072], [0.0074], [0.007]]
acc:[0.26462538647317113, 0.4676554304785052, 0.5960382848450747, 0.7011295225590297, 0.7346688992451642, 0.10025422740615554, 0.09762648129178396, 0.09370138671908039, 0.09229466878231651, 0.09324161966616626, 0.09299144996890428, 0.10543804048030504, 0.10526771525657826, 0.10581613648125154, 0.10697173665040093, 0.1063947589074518, 0.10716784202971752, 0.10707977801668751, 0.10562312421491694, 0.10629930811237645, 0.10581481198834546, 0.10523341663950823, 0.10465202129067103, 0.10465423009361506, 0.10446043164400266, 0.10446043164400266, 0.10436353241919646, 0.10358833862074684, 0.1032923648404668, 0.103389264065273, 0.10367996173969161, 0.10358306251488542, 0.10348837209302325, 0.10348837209302325, 0.10329457364341085, 0.10290697674418604, 0.10300387596899224, 0.10290697674418604, 0.10271317829457365, 0.10251937984496123, 0.10232558139534884, 0.10242248062015503, 0.10193798449612403, 0.10261627906976745, 0.10213178294573644, 0.10242248062015503, 0.10213178294573644, 0.10193798449612403, 0.10193798449612403, 0.10203488372093024]
loss:[2.35218939289657, 2.2180954999763323, 2.4705937960803936, 2.5048102557950145, 2.26855927912173, 2.696985020298946, 3794.5411349398664, 903.1681757600995, 397.87227258234657, 231.9335017812454, 149.41790468224656, 111.63092197525425, 87.0620314169726, 68.16815343586988, 60.725889421036996, 53.51314359231502, 48.172931049053936, 42.15190452168796, 37.09312209606077, 32.53656227355151, 29.470836648690955, 30.611414068476556, 25.703326162329308, 25.617434239425315, 23.356842210889354, 22.18984161911451, 22.56586245861999, 19.493579596307747, 20.967282749722777, 18.35263815246868, 17.75068297534197, 17.77473785153406, 16.885734348021348, 16.951586699745263, 16.19207751135793, 16.599462750240946, 15.237948789269913, 16.450868021187887, 15.985523664244587, 17.037825139618256, 15.505828757142433, 14.066960462135958, 12.36850465849297, 13.175436113995481, 12.00274729309665, 11.843504985109071, 11.90554520140664, 11.91742940185036, 11.98432126289088, 10.99207919140947]
method:irls
attackertype:backdoorDP MAX_GRAD_NORM:1DP NOISE_MULTIPLIER:2
attackernum:5
backdooracc:[[0.1377], [0.0675], [0.0986], [0.0962], [0.0972], [0.1045], [0.1043], [0.0987], [0.0996], [0.0992], [0.1013], [0.104], [0.1003], [0.095], [0.0995], [0.098], [0.0991], [0.0976], [0.1005], [0.0953], [0.0981], [0.0982], [0.0974], [0.0982], [0.0988], [0.0987], [0.0959], [0.1011], [0.0993], [0.0955], [0.1004], [0.0933], [0.0998], [0.0974], [0.0967], [0.1004], [0.0991], [0.1012], [0.0963], [0.0996], [0.0972], [0.0995], [0.0996], [0.0992], [0.1], [0.1008], [0.0995], [0.101], [0.101], [0.1018]]
acc:[0.20007893930527795, 0.42603707487418097, 0.6118724088504096, 0.6906503049651356, 0.7260860268095216, 0.7522870505467667, 0.7760622141796147, 0.7933281272835374, 0.8098540836589954, 0.8195590797603024, 0.8245386565638818, 0.8344539777680327, 0.8388411022362684, 0.8415514390288691, 0.8464091603281733, 0.8485705811611676, 0.8500830583107476, 0.853994487488931, 0.8552459488576576, 0.8569186496602395, 0.8597641344102063, 0.8616036707189964, 0.8623533622141197, 0.8650070307496363, 0.8661143189929262, 0.8665883979524738, 0.8675864148433211, 0.869896485716279, 0.8711837998506227, 0.8713461696067233, 0.8750210142759172, 0.8740640440308326, 0.8766086844647757, 0.8767311173517284, 0.8773713346259598, 0.8774105845044692, 0.880484571149999, 0.881341455116233, 0.8831130812844893, 0.8843199605122727, 0.8839641997825004, 0.8851714169672968, 0.8849854174026269, 0.8858330707748994, 0.8868811973564327, 0.8877791021499161, 0.8876213845927381, 0.8898006692978728, 0.8892043339807212, 0.8915703264993258]
loss:[2.039121514444249, 1.7948169979645834, 1.4635033332442984, 1.223077215265402, 1.0719747240132782, 1.074556223302438, 0.9716873614664664, 0.9267872917799623, 0.8968070963251412, 0.9154979115748508, 0.8979575401609405, 0.9063171793966059, 0.8464825186575675, 0.8829555542942255, 0.8862805169025904, 0.8772440244707104, 0.8644657471870122, 0.9365283895068134, 0.9285499734085007, 0.9329894677245658, 0.8918216301392066, 0.85173495133318, 0.8904837192288564, 0.9201546956197321, 0.9280851429804613, 0.9895936495080152, 0.9370465345894268, 0.992489544079789, 0.9066436373851698, 0.9031492902233841, 0.9197591651531076, 0.9083005767028678, 0.9877064581849644, 0.975069041165556, 0.9141619395468548, 0.8813212467527806, 0.960237917403099, 0.8847070908205045, 0.9974901408667561, 0.9440115614182647, 0.9568935028758352, 0.936962872321329, 0.9827959386692343, 0.9141470128265071, 0.9015827629044902, 1.021015959310355, 0.923320051881237, 0.858533647141507, 0.9767601404044692, 0.9040425977642735]
method:ours
attackertype:backdoorDP MAX_GRAD_NORM:1DP NOISE_MULTIPLIER:2
attackernum:30
backdooracc:[[0.1566], [0.1838], [0.1165], [0.124], [0.1269], [0.0905], [0.1174], [0.1142], [0.1032], [0.1038], [0.1088], [0.1177], [0.112], [0.1066], [0.1044], [0.1076], [0.1064], [0.105], [0.1042], [0.1046], [0.1033], [0.1077], [0.1072], [0.1056], [0.104], [0.1033], [0.1061], [0.1046], [0.1087], [0.1074], [0.1053], [0.1061], [0.1061], [0.1032], [0.1026], [0.1078], [0.1079], [0.1058], [0.1048], [0.1069], [0.1029], [0.1056], [0.1051], [0.1082], [0.1065], [0.1078], [0.1046], [0.1032], [0.1037], [0.1062]]
acc:[0.34670059721132024, 0.5173627996748109, 0.69804215100562, 0.7664599351007895, 0.7663694241115518, 0.8131470480219218, 0.8024777090193236, 0.8290489833932841, 0.8447237773880827, 0.8515789297325635, 0.857717175302107, 0.8597341474268717, 0.8639400005901504, 0.8749547123198741, 0.8814172175866304, 0.883565951492242, 0.8848817780689665, 0.8821797033672658, 0.8880394696344504, 0.8887052430507048, 0.8968479277188328, 0.8959922687470863, 0.8991117913932856, 0.9022055115363514, 0.9016981229033323, 0.904183542028955, 0.905851045165349, 0.9086168009259026, 0.9097051773136275, 0.9144013698773396, 0.916390447241085, 0.9164118389600979, 0.9183941239583536, 0.9220026192673749, 0.9221055459960454, 0.9223869060791534, 0.9229559262910618, 0.92449600228212, 0.9244639183597863, 0.926138981044502, 0.9268164264203546, 0.9253749521230292, 0.9282246510335626, 0.9292498742293084, 0.9236429548156053, 0.9278785668699343, 0.930666193084134, 0.9316514689613338, 0.9308259045632011, 0.9344069968819151]
loss:[2.6838768306895977, 2.330096704550515, 2.3174169920904437, 2.5141603899764267, 2.6108199904110005, 3.276603169897919, 2.3224118561600484, 2.549071626542074, 2.4851473878670114, 2.382272433232157, 2.278317838882765, 2.3706581268245155, 2.446390126491613, 2.4772983036726886, 2.4364831916478416, 2.491198450457179, 2.3712397458170797, 2.584047998459124, 1.9674316181419822, 2.5241373355933248, 2.2719469579344604, 2.194318510939302, 2.1381765678012967, 2.396705292068217, 2.005727196496413, 2.584348053415766, 2.4604180217734197, 2.3043484978306834, 2.2150053880728264, 2.0638068909346106, 1.860818562299033, 2.1234989948797884, 2.2956905463392356, 1.830623287122638, 2.0163482927458856, 1.9329558003230325, 1.7998293256437317, 1.840025847504354, 1.9751730500315905, 1.982839751331283, 1.656688262822987, 1.8570387753193238, 1.8771601691178086, 1.8892272794121288, 2.1307475843291015, 1.7525547484976225, 1.9284103184295946, 1.7587375093106956, 1.7487925923514915, 2.071440206713042]
method:irls
attackertype:backdoorDP MAX_GRAD_NORM:1DP NOISE_MULTIPLIER:2
attackernum:30
backdooracc:[[0.3975], [0.1155], [0.0909], [0.0958], [0.1077], [0.5884], [0.5695], [0.559], [0.5654], [0.5935], [0.3605], [0.3346], [0.3174], [0.2958], [0.28], [0.2653], [0.2512], [0.2375], [0.2204], [0.2049], [0.1914], [0.1786], [0.1701], [0.1601], [0.1511], [0.142], [0.1323], [0.1251], [0.1213], [0.1176], [0.1142], [0.1074], [0.1017], [0.0964], [0.0976], [0.0952], [0.0927], [0.0904], [0.0863], [0.0813], [0.0791], [0.0772], [0.0763], [0.0753], [0.0726], [0.0716], [0.0695], [0.0661], [0.0638], [0.0626]]
acc:[0.2844544857748461, 0.5150081111871568, 0.6192102243690518, 0.7409771711796983, 0.7977781031745005, 0.08086885051535649, 0.08616914377913247, 0.09866425818597128, 0.10776125406738392, 0.11278519741108459, 0.19583537196428907, 0.1953476582192075, 0.18881008095209978, 0.15337341088984707, 0.17249446088997353, 0.17033296594304018, 0.1419027370771107, 0.16475693230301, 0.16222052287132557, 0.16199280965396315, 0.15989301519786914, 0.14038556021823181, 0.13992545603205114, 0.14102421029320858, 0.14686173981961614, 0.15377804786985083, 0.14325545288760946, 0.14387925937443033, 0.1367441290198689, 0.13527988879890077, 0.14595606366934388, 0.13326959878318007, 0.1344166323802889, 0.13191013187658446, 0.13551744726068612, 0.1358698251921928, 0.13064609783581238, 0.13564143426599853, 0.1299598056302168, 0.13879541351305302, 0.13897861024334576, 0.14322139643727202, 0.13420760505052565, 0.13911257603715335, 0.13909390675225794, 0.13311411588844688, 0.13817505491340362, 0.1333461390347879, 0.13828322749151037, 0.1327569720730636]
loss:[2.474338676085957, 2.4281381966163087, 2.7081206719982984, 2.410284292880342, 2.61641361598876, 3.994065630774213, 14441.779172444243, 9891.57424443426, 7063.020211525864, 5203.435845524709, 3968.344005437183, 3088.5586029632786, 2434.04425910739, 1949.8836759590522, 1572.6573681885247, 1288.9445145000004, 1087.044415777204, 921.477187850714, 781.2272424766942, 669.5812276445378, 585.5279120947705, 514.9155948397531, 458.24756672819507, 410.10845094287805, 374.1091187432239, 342.73392745611363, 314.3875260116986, 291.7048300388461, 271.6351143916058, 253.32950397056126, 237.36399739249504, 222.24642553086915, 209.0519513631222, 196.59764579858393, 184.5416575848683, 177.00221049021218, 166.27044012129073, 158.81858683973053, 152.15928215276224, 145.30202186737492, 135.73888008809715, 130.61462676467812, 125.1601739010385, 119.36828352266186, 113.02307681975464, 108.51610549255352, 104.21008119218384, 99.29653087645177, 96.53267003595435, 92.38988421411302]
method:irls
attackertype:backdoorDP MAX_GRAD_NORM:1DP NOISE_MULTIPLIER:2
attackernum:30
backdooracc:[[1.0], [0.7115], [0.4902], [0.4953], [0.3288], [0.3299], [0.3586], [0.2743], [0.2354], [0.2079], [0.2165], [0.1825], [0.1863], [0.1938], [0.2297], [0.201], [0.1873], [0.192], [0.21], [0.2193], [0.1722], [0.1894], [0.1841], [0.1941], [0.1953], [0.1786], [0.1789], [0.199], [0.1883], [0.1903], [0.2156], [0.2205], [0.2022], [0.2093], [0.1996], [0.198], [0.2113], [0.1942], [0.2056], [0.209], [0.2242], [0.1986], [0.2114], [0.2142], [0.2267], [0.2264], [0.2971], [0.4658], [0.7524], [0.8352]]
acc:[0.1, 0.24172130136140854, 0.3291541261367425, 0.37401289004352584, 0.5205640929128929, 0.5376390033681264, 0.5786802315430369, 0.6454315997154568, 0.6956454908248305, 0.723682206031598, 0.7258589447886529, 0.7337552667972133, 0.7564612969653035, 0.7614100612983064, 0.7409203355692141, 0.7662094026856738, 0.7771603539414865, 0.781113823303621, 0.7734384826499592, 0.7744548655092808, 0.7906933285917587, 0.7878059596474803, 0.8019898774143458, 0.7981762307580599, 0.8015783746617353, 0.8109350683960928, 0.8137579290667118, 0.8025824747778424, 0.816251090219911, 0.8132955042824812, 0.8010426703133894, 0.7987138787943536, 0.8142822670573526, 0.8163705709988927, 0.8181005073319038, 0.818039580297978, 0.8105126944624829, 0.8215787732382066, 0.8167656461833442, 0.8167648100649132, 0.8106068669695669, 0.8247182838883004, 0.8235259656594497, 0.8210000034462963, 0.8119920582860022, 0.8283440262375966, 0.8242787774130791, 0.8395485065774065, 0.8384915313119858, 0.8521657026119854]
loss:[3.8781470602895003, 3.390511737003719, 2.87653614853793, 2.804118440920062, 2.610970328574622, 3.3242605128004605, 2.814660315642713, 2.6358204490704313, 2.5469619644612633, 2.5566878251052243, 2.545493446059486, 2.3621895369256993, 2.2327117915809724, 2.471278347651535, 2.2595003256337667, 1.5823076203567217, 1.8858196738652586, 2.158991002048143, 2.266808266961845, 1.798416376363495, 2.2426998814698886, 2.2152081851542293, 1.7826514507490963, 2.094747897599832, 1.9948525435334457, 1.6975554186145763, 2.0627580094363305, 1.7621186482050946, 1.9856999996688127, 1.8921708173486125, 1.9305772666132837, 1.525514719721974, 1.8795056242129318, 1.9049058546718445, 1.9092155890283167, 1.7272707968988787, 1.7884360307111964, 1.6045564996476618, 1.7469306485380314, 1.7300925688228403, 1.6645685753553252, 1.5962799539382413, 1.6786201845438111, 1.779894022686919, 1.7245132875726554, 1.7083277850868968, 1.4629862129544342, 1.5127137878196666, 1.5818698585070563, 1.6679908584109546]
